1.009373354304635845e-01
1.044628410596026707e-01
1.058606465231788224e-01
1.053001726821192058e-01
1.047442428807947024e-01
1.059366347682119125e-01
1.049242559602649033e-01
1.050768794701986836e-01
1.061789158940397299e-01
1.042480700331125942e-01
1.050203437086092567e-01
1.043097543046357517e-01
1.041989594370860972e-01
1.049024675496688791e-01
1.053599751655629052e-01
1.050677922185430518e-01
1.052565114238410565e-01
1.051903692052980066e-01
1.044554908940397292e-01
1.045064029801324457e-01
1.051709369205298117e-01
1.060939016556291525e-01
1.063095991721854233e-01
1.054623397350993308e-01
1.037599405629139188e-01
1.044592822847682234e-01
1.057101380794702034e-01
1.056368451986754858e-01
1.066470953642384145e-01
1.047211933774834514e-01
1.059125173841059531e-01
1.045951605960264846e-01
1.062559355960265017e-01
1.047115715231788091e-01
1.057207509933774936e-01
1.047123173841059685e-01
1.055812529801324617e-01
1.054863074503311487e-01
1.051053064569536372e-01
1.047725981788079491e-01
1.053079759933774895e-01
1.054025208609271486e-01
1.062839038079470277e-01
1.053613178807947109e-01
1.041954976821192064e-01
1.034162726821192257e-01
1.037864546357616102e-01
1.047222816225165665e-01
1.059904781456953576e-01
1.056038799668874151e-01
