2.904461622238159180e+00
2.565730810165405273e+00
2.289352655410766602e+00
2.068386077880859375e+00
1.893801093101501465e+00
1.756454825401306152e+00
1.648444890975952148e+00
1.563261985778808594e+00
1.495737910270690918e+00
1.441964268684387207e+00
1.398988246917724609e+00
1.364457130432128906e+00
1.336428880691528320e+00
1.313315391540527344e+00
1.293872594833374023e+00
1.277184844017028809e+00
1.262607455253601074e+00
1.249681591987609863e+00
1.238067507743835449e+00
1.227524638175964355e+00
1.217911839485168457e+00
1.209177732467651367e+00
1.201330184936523438e+00
1.194401741027832031e+00
1.188417673110961914e+00
1.183372020721435547e+00
1.179231524467468262e+00
1.175951480865478516e+00
1.173475265502929688e+00
1.171727895736694336e+00
1.170603871345520020e+00
1.169946312904357910e+00
1.169556856155395508e+00
1.169237971305847168e+00
1.168836712837219238e+00
1.168274879455566406e+00
1.167558073997497559e+00
1.166753411293029785e+00
1.165954709053039551e+00
1.165259957313537598e+00
1.164753198623657227e+00
1.164490699768066406e+00
1.164500713348388672e+00
1.164780855178833008e+00
1.165306568145751953e+00
1.166049003601074219e+00
1.166973829269409180e+00
1.168037772178649902e+00
1.169177055358886719e+00
1.170302391052246094e+00
1.171321988105773926e+00
1.172165036201477051e+00
1.172808527946472168e+00
1.173274993896484375e+00
1.173611521720886230e+00
1.173865318298339844e+00
1.174063324928283691e+00
1.174214005470275879e+00
1.174308419227600098e+00
1.174341320991516113e+00
1.174315214157104492e+00
1.174250721931457520e+00
1.174164772033691406e+00
1.174076437950134277e+00
1.173977136611938477e+00
1.173883080482482910e+00
1.173785090446472168e+00
1.173758983612060547e+00
1.173799753189086914e+00
1.174018621444702148e+00
1.174376249313354492e+00
1.174901843070983887e+00
1.175588011741638184e+00
1.176369905471801758e+00
1.177262067794799805e+00
1.178235888481140137e+00
1.179244279861450195e+00
1.180313229560852051e+00
1.181403517723083496e+00
1.182509660720825195e+00
1.183642148971557617e+00
1.184811353683471680e+00
1.185998558998107910e+00
1.187236428260803223e+00
1.188509345054626465e+00
1.189792633056640625e+00
1.191102743148803711e+00
1.192416906356811523e+00
1.193726897239685059e+00
1.195055484771728516e+00
1.196391940116882324e+00
1.197748184204101562e+00
1.199150204658508301e+00
1.200590610504150391e+00
1.202079892158508301e+00
1.203621149063110352e+00
1.205190777778625488e+00
1.206792116165161133e+00
1.208417296409606934e+00
1.210042715072631836e+00
