6.387036323547363281e+00
5.729839801788330078e+00
5.195045948028564453e+00
4.765104770660400391e+00
4.421216487884521484e+00
4.145939350128173828e+00
3.923888921737670898e+00
3.741686105728149414e+00
3.588233947753906250e+00
3.455142021179199219e+00
3.336670160293579102e+00
3.229298830032348633e+00
3.131124258041381836e+00
3.041233062744140625e+00
2.959121942520141602e+00
2.884246826171875000e+00
2.815825462341308594e+00
2.752897977828979492e+00
2.694482088088989258e+00
2.639692544937133789e+00
2.587803363800048828e+00
2.538273811340332031e+00
2.490740776062011719e+00
2.444994926452636719e+00
2.400952100753784180e+00
2.358619451522827148e+00
2.318060159683227539e+00
2.279359579086303711e+00
2.242601633071899414e+00
2.207852602005004883e+00
2.175150632858276367e+00
2.144502401351928711e+00
2.115876913070678711e+00
2.089204311370849609e+00
2.064378499984741211e+00
2.041263818740844727e+00
2.019704818725585938e+00
1.999539852142333984e+00
1.980617523193359375e+00
1.962807655334472656e+00
1.946003198623657227e+00
1.930114984512329102e+00
1.915065050125122070e+00
1.900787711143493652e+00
1.887236356735229492e+00
1.874390721321105957e+00
1.862256407737731934e+00
1.850854754447937012e+00
1.840208768844604492e+00
1.830332040786743164e+00
1.821218609809875488e+00
1.812835693359375000e+00
1.805116534233093262e+00
1.797961235046386719e+00
1.791248917579650879e+00
1.784854650497436523e+00
1.778665184974670410e+00
1.772588372230529785e+00
1.766555190086364746e+00
1.760519742965698242e+00
1.754455327987670898e+00
1.748350739479064941e+00
1.742208838462829590e+00
1.736044526100158691e+00
1.729880452156066895e+00
1.723736882209777832e+00
1.717621088027954102e+00
1.711524844169616699e+00
1.705433130264282227e+00
1.699336409568786621e+00
1.693237185478210449e+00
1.687148809432983398e+00
1.681088924407958984e+00
1.675075531005859375e+00
1.669128060340881348e+00
1.663268446922302246e+00
1.657518863677978516e+00
1.651895761489868164e+00
1.646406054496765137e+00
1.641046643257141113e+00
1.635808229446411133e+00
1.630678415298461914e+00
1.625642061233520508e+00
1.620682835578918457e+00
1.615783691406250000e+00
1.610930919647216797e+00
1.606117844581604004e+00
1.601345658302307129e+00
1.596621870994567871e+00
1.591955780982971191e+00
1.587355136871337891e+00
1.582826972007751465e+00
1.578379392623901367e+00
1.574022054672241211e+00
1.569763064384460449e+00
1.565604805946350098e+00
1.561541795730590820e+00
1.557562351226806641e+00
1.553653597831726074e+00
1.549805641174316406e+00
