4.893011093139648438e+00
4.345471382141113281e+00
3.892009973526000977e+00
3.519066333770751953e+00
3.213262319564819336e+00
2.962267875671386719e+00
2.755863428115844727e+00
2.585773229598999023e+00
2.445358276367187500e+00
2.329163551330566406e+00
2.232647418975830078e+00
2.151947259902954102e+00
2.083789348602294922e+00
2.025470256805419922e+00
1.974849820137023926e+00
1.930290102958679199e+00
1.890520811080932617e+00
1.854502797126770020e+00
1.821370601654052734e+00
1.790460467338562012e+00
1.761347770690917969e+00
1.733832240104675293e+00
1.707851529121398926e+00
1.683372735977172852e+00
1.660334348678588867e+00
1.638655304908752441e+00
1.618257641792297363e+00
1.599053859710693359e+00
1.580928802490234375e+00
1.563754558563232422e+00
1.547422647476196289e+00
1.531863093376159668e+00
1.517050147056579590e+00
1.503006339073181152e+00
1.489795684814453125e+00
1.477492213249206543e+00
1.466146707534790039e+00
1.455786705017089844e+00
1.446443557739257812e+00
1.438162207603454590e+00
1.430967450141906738e+00
1.424824357032775879e+00
1.419633150100708008e+00
1.415251731872558594e+00
1.411510825157165527e+00
1.408233404159545898e+00
1.405276775360107422e+00
1.402561187744140625e+00
1.400054574012756348e+00
1.397732853889465332e+00
1.395555377006530762e+00
1.393476605415344238e+00
1.391467690467834473e+00
1.389518976211547852e+00
1.387636542320251465e+00
1.385845661163330078e+00
1.384188294410705566e+00
1.382712960243225098e+00
1.381456255912780762e+00
1.380421757698059082e+00
1.379580259323120117e+00
1.378890395164489746e+00
1.378316164016723633e+00
1.377826690673828125e+00
1.377382755279541016e+00
1.376934289932250977e+00
1.376430153846740723e+00
1.375829219818115234e+00
1.375108957290649414e+00
1.374265789985656738e+00
1.373307347297668457e+00
1.372249722480773926e+00
1.371119618415832520e+00
1.369952559471130371e+00
1.368783235549926758e+00
1.367637634277343750e+00
1.366536498069763184e+00
1.365493297576904297e+00
1.364512562751770020e+00
1.363588690757751465e+00
1.362706899642944336e+00
1.361848711967468262e+00
1.360998392105102539e+00
1.360148429870605469e+00
1.359294772148132324e+00
1.358437418937683105e+00
1.357580304145812988e+00
1.356729269027709961e+00
1.355888843536376953e+00
1.355060458183288574e+00
1.354242682456970215e+00
1.353432059288024902e+00
1.352628111839294434e+00
1.351834058761596680e+00
1.351057887077331543e+00
1.350306987762451172e+00
1.349586606025695801e+00
1.348894000053405762e+00
1.348232150077819824e+00
1.347599148750305176e+00
