3.627597093582153320e+00
3.207999944686889648e+00
2.859253644943237305e+00
2.573926448822021484e+00
2.343001604080200195e+00
2.157354593276977539e+00
2.008330583572387695e+00
1.888441324234008789e+00
1.791339635848999023e+00
1.711950182914733887e+00
1.646408796310424805e+00
1.591835021972656250e+00
1.546084284782409668e+00
1.507549881935119629e+00
1.475045800209045410e+00
1.447665929794311523e+00
1.424644231796264648e+00
1.405284285545349121e+00
1.388947725296020508e+00
1.375070571899414062e+00
1.363170862197875977e+00
1.352840304374694824e+00
1.343728661537170410e+00
1.335538387298583984e+00
1.328032016754150391e+00
1.321033954620361328e+00
1.314418792724609375e+00
1.308092236518859863e+00
1.301982164382934570e+00
1.296046853065490723e+00
1.290286779403686523e+00
1.284740567207336426e+00
1.279464244842529297e+00
1.274508357048034668e+00
1.269913077354431152e+00
1.265723705291748047e+00
1.262002944946289062e+00
1.258812546730041504e+00
1.256173491477966309e+00
1.254038333892822266e+00
1.252302527427673340e+00
1.250842094421386719e+00
1.249548077583312988e+00
1.248337388038635254e+00
1.247152924537658691e+00
1.245970249176025391e+00
1.244804382324218750e+00
1.243699669837951660e+00
1.242704987525939941e+00
1.241855978965759277e+00
1.241178512573242188e+00
1.240699052810668945e+00
1.240437388420104980e+00
1.240383744239807129e+00
1.240486979484558105e+00
1.240673661231994629e+00
1.240876317024230957e+00
1.241039514541625977e+00
1.241109371185302734e+00
1.241031169891357422e+00
1.240772008895874023e+00
1.240338563919067383e+00
1.239766716957092285e+00
1.239097476005554199e+00
1.238370776176452637e+00
1.237638354301452637e+00
1.236966013908386230e+00
1.236417412757873535e+00
1.236036777496337891e+00
1.235849142074584961e+00
1.235866308212280273e+00
1.236088871955871582e+00
1.236507892608642578e+00
1.237109065055847168e+00
1.237873673439025879e+00
1.238772392272949219e+00
1.239766001701354980e+00
1.240814328193664551e+00
1.241883039474487305e+00
1.242942214012145996e+00
1.243964195251464844e+00
1.244926452636718750e+00
1.245813012123107910e+00
1.246611714363098145e+00
1.247314929962158203e+00
1.247925162315368652e+00
1.248456954956054688e+00
1.248931646347045898e+00
1.249370932579040527e+00
1.249794721603393555e+00
1.250221967697143555e+00
1.250668287277221680e+00
1.251142978668212891e+00
1.251646995544433594e+00
1.252174377441406250e+00
1.252716064453125000e+00
1.253264427185058594e+00
1.253814578056335449e+00
1.254364132881164551e+00
1.254910349845886230e+00
