3.991076231002807617e+00
3.523808240890502930e+00
3.137363195419311523e+00
2.821355104446411133e+00
2.564808130264282227e+00
2.357754468917846680e+00
2.191235065460205078e+00
2.057293415069580078e+00
1.949059367179870605e+00
1.860912322998046875e+00
1.788378596305847168e+00
1.727898955345153809e+00
1.676663398742675781e+00
1.632520318031311035e+00
1.593925952911376953e+00
1.559864997863769531e+00
1.529695510864257812e+00
1.502938389778137207e+00
1.479147672653198242e+00
1.457897305488586426e+00
1.438822388648986816e+00
1.421659827232360840e+00
1.406255483627319336e+00
1.392535805702209473e+00
1.380451202392578125e+00
1.369938850402832031e+00
1.360911965370178223e+00
1.353269696235656738e+00
1.346916675567626953e+00
1.341752886772155762e+00
1.337640404701232910e+00
1.334404587745666504e+00
1.331869840621948242e+00
1.329892635345458984e+00
1.328372240066528320e+00
1.327259063720703125e+00
1.326548337936401367e+00
1.326245427131652832e+00
1.326328516006469727e+00
1.326747775077819824e+00
1.327446579933166504e+00
1.328363776206970215e+00
1.329428315162658691e+00
1.330574512481689453e+00
1.331755995750427246e+00
1.332929253578186035e+00
1.334031939506530762e+00
1.334985017776489258e+00
1.335705518722534180e+00
1.336112618446350098e+00
1.336138129234313965e+00
1.335745930671691895e+00
1.334935903549194336e+00
1.333733916282653809e+00
1.332183718681335449e+00
1.330340385437011719e+00
1.328263998031616211e+00
1.326025962829589844e+00
1.323721289634704590e+00
1.321451783180236816e+00
1.319290995597839355e+00
1.317275762557983398e+00
1.315427660942077637e+00
1.313763976097106934e+00
1.312288165092468262e+00
1.310983180999755859e+00
1.309814691543579102e+00
1.308750510215759277e+00
1.307777047157287598e+00
1.306890964508056641e+00
1.306082010269165039e+00
1.305345654487609863e+00
1.304700255393981934e+00
1.304172992706298828e+00
1.303775072097778320e+00
1.303497910499572754e+00
1.303324103355407715e+00
1.303243041038513184e+00
1.303251981735229492e+00
1.303339958190917969e+00
1.303486943244934082e+00
1.303679943084716797e+00
1.303915262222290039e+00
1.304187893867492676e+00
1.304490327835083008e+00
1.304810523986816406e+00
1.305135250091552734e+00
1.305456876754760742e+00
1.305769920349121094e+00
1.306066989898681641e+00
1.306344509124755859e+00
1.306603908538818359e+00
1.306853652000427246e+00
1.307109475135803223e+00
1.307383298873901367e+00
1.307681441307067871e+00
1.308008790016174316e+00
1.308368563652038574e+00
1.308766722679138184e+00
1.309212565422058105e+00
