2.249416589736938477e+00
1.998678207397460938e+00
1.796633601188659668e+00
1.638510107994079590e+00
1.517851352691650391e+00
1.427227497100830078e+00
1.359658241271972656e+00
1.309417009353637695e+00
1.271958708763122559e+00
1.243762850761413574e+00
1.222153544425964355e+00
1.205173850059509277e+00
1.191505789756774902e+00
1.180331587791442871e+00
1.171126604080200195e+00
1.163494706153869629e+00
1.157098412513732910e+00
1.151630759239196777e+00
1.146822929382324219e+00
1.142461657524108887e+00
1.138383150100708008e+00
1.134453654289245605e+00
1.130568861961364746e+00
1.126673460006713867e+00
1.122770905494689941e+00
1.118908643722534180e+00
1.115152955055236816e+00
1.111566305160522461e+00
1.108193516731262207e+00
1.105053067207336426e+00
1.102135777473449707e+00
1.099415183067321777e+00
1.096873760223388672e+00
1.094535708427429199e+00
1.092483401298522949e+00
1.090838432312011719e+00
1.089711666107177734e+00
1.089157342910766602e+00
1.089166760444641113e+00
1.089695811271667480e+00
1.090690016746520996e+00
1.092087626457214355e+00
1.093811035156250000e+00
1.095772981643676758e+00
1.097900629043579102e+00
1.100149393081665039e+00
1.102494478225708008e+00
1.104910612106323242e+00
1.107365369796752930e+00
1.109828829765319824e+00
1.112279772758483887e+00
1.114704370498657227e+00
1.117092251777648926e+00
1.119443058967590332e+00
1.121772050857543945e+00
1.124101281166076660e+00
1.126440882682800293e+00
1.128775835037231445e+00
1.131067276000976562e+00
1.133262872695922852e+00
1.135303735733032227e+00
1.137134075164794922e+00
1.138715505599975586e+00
1.140035629272460938e+00
1.141099452972412109e+00
1.141914248466491699e+00
1.142488598823547363e+00
1.142847299575805664e+00
1.143039345741271973e+00
1.143124341964721680e+00
1.143150806427001953e+00
1.143146395683288574e+00
1.143124580383300781e+00
1.143090963363647461e+00
1.143042564392089844e+00
1.142967224121093750e+00
1.142846703529357910e+00
1.142661809921264648e+00
1.142397046089172363e+00
1.142046809196472168e+00
1.141618847846984863e+00
1.141129612922668457e+00
1.140596985816955566e+00
1.140038847923278809e+00
1.139478921890258789e+00
1.138947010040283203e+00
1.138468980789184570e+00
1.138056993484497070e+00
1.137708544731140137e+00
1.137411475181579590e+00
1.137149691581726074e+00
1.136909842491149902e+00
1.136688232421875000e+00
1.136487841606140137e+00
1.136311650276184082e+00
1.136159658432006836e+00
1.136036396026611328e+00
1.135954022407531738e+00
1.135926485061645508e+00
1.135960340499877930e+00
