1.042892986754966889e-01
1.100959746688741775e-01
1.096361198675496751e-01
1.100574468543046441e-01
1.100303791390728481e-01
1.094813718543046349e-01
1.099154576158940383e-01
1.090323672185430359e-01
1.102715859271523186e-01
1.090340185430463543e-01
1.093171009933774918e-01
1.089178344370861085e-01
1.087736458609271650e-01
1.079517097682119176e-01
1.079197039735099312e-01
1.082743697019867696e-01
1.085162231788079495e-01
1.086407819536423930e-01
1.076966672185430546e-01
1.096179266556291387e-01
1.095608692052980199e-01
1.089529321192053146e-01
1.080467776490066367e-01
1.086693054635761574e-01
1.079761736754966950e-01
1.092567516556291335e-01
1.089150945364238399e-01
1.098915738410596032e-01
1.079834571192053033e-01
1.101104476821191946e-01
1.083520788079470054e-01
1.085525731788079540e-01
1.087397284768211875e-01
1.081655094370860826e-01
1.098923311258278024e-01
1.082207705298013217e-01
1.076885978476821160e-01
1.084665869205298089e-01
1.086902223509933624e-01
1.084006658940397244e-01
1.076224071192052878e-01
1.094600610927152218e-01
1.087648526490066214e-01
1.077220402317880937e-01
1.075709092715231852e-01
1.095169533112582833e-01
1.100542945364238329e-01
1.094356895695364346e-01
1.092423836092715206e-01
1.079446281456953594e-01
