1.036117720198675290e-01
1.088066109271523113e-01
1.097328011589403934e-01
1.077702730132450298e-01
1.080386908940397517e-01
1.093992291390728511e-01
1.083356387417218625e-01
1.087118814569536518e-01
1.094417644039735182e-01
1.106786975165562903e-01
1.100354034768211697e-01
1.085821019867549697e-01
1.089439963576158965e-01
1.080443470198675510e-01
1.109573013245033074e-01
1.077431298013244998e-01
1.075016144039735166e-01
1.087730375827814511e-01
1.112349731788079416e-01
1.099064528145695385e-01
1.078228352649006627e-01
1.092775703642384078e-01
1.073815044701986743e-01
1.096649632450331230e-01
1.089032149006622652e-01
1.077986819536423946e-01
1.090557321192053009e-01
1.076817337748344483e-01
1.088089347682119207e-01
1.089500574503311364e-01
1.089992355960264780e-01
1.085034642384105907e-01
1.077866016556291440e-01
1.069515716887417395e-01
1.082146552980132459e-01
1.100627099337748577e-01
1.080421854304635665e-01
1.102229937086092598e-01
1.081921453642384068e-01
1.082905940397351080e-01
1.079153778145695436e-01
1.088518192052980033e-01
1.090026206953642468e-01
1.088120127483443722e-01
1.083700395695364332e-01
1.085996145695364290e-01
1.087816400662251631e-01
1.082493359271523292e-01
1.089466158940397278e-01
1.090532074503311327e-01
