9.603398741721855258e-02
9.790704089403974575e-02
9.744465413907284213e-02
9.788231142384105909e-02
9.590507284768212681e-02
9.687465927152316691e-02
9.677631539735100097e-02
9.593239519867551024e-02
9.590055562913908649e-02
9.666613228476821085e-02
9.671182069536424231e-02
9.773282384105962117e-02
9.653602334437086374e-02
9.774136589403972786e-02
9.700713377483444200e-02
9.737171821192053267e-02
9.668865827814571157e-02
9.755841589403975445e-02
9.614326986754967441e-02
9.692673261589405953e-02
9.696926043046359689e-02
9.519053228476821726e-02
9.810975529801325978e-02
9.780732036423840647e-02
9.829725033112583776e-02
9.678331473509933780e-02
9.764510993377484294e-02
9.734589370860927127e-02
9.753181754966887274e-02
9.682458278145694708e-02
9.640067913907283959e-02
9.673121754966888808e-02
9.780609519867550228e-02
9.549933394039734902e-02
9.704083327814570781e-02
9.710225165562914873e-02
9.762212798013245041e-02
9.745838675496690251e-02
9.697937135761591776e-02
9.721522731788079241e-02
9.707096225165563752e-02
9.729477930463577284e-02
9.634299900662250671e-02
9.843344304635762154e-02
9.718243725165563729e-02
9.662139635761590739e-02
9.731964420529801152e-02
9.719179354304637031e-02
9.655188956953641988e-02
9.621430182119206087e-02
