1.026116408940397212e-01
1.071951084437086088e-01
1.087500774834437023e-01
1.072122897350993309e-01
1.083244013245032999e-01
1.092661948675496819e-01
1.084318807947019930e-01
1.094460995033112588e-01
1.080354107615894149e-01
1.092721253311258328e-01
1.088756309602648964e-01
1.076285430463576193e-01
1.073295263245033215e-01
1.070635566225165702e-01
1.074096331125828085e-01
1.067871915562913915e-01
1.068417629139072622e-01
1.079833250000000050e-01
1.070400771523178779e-01
1.064025614238410522e-01
1.088515197019867681e-01
1.070413594370860921e-01
1.083323089403973594e-01
1.081901107615893948e-01
1.074631814569536464e-01
1.090255028145695471e-01
1.090344743377483355e-01
1.069738725165562815e-01
1.079274296357615875e-01
1.073679675496688746e-01
1.060889915562913954e-01
1.079070549668874335e-01
1.081043213576159123e-01
1.074761764900662303e-01
1.064264923841059529e-01
1.077641385761589354e-01
1.079379407284768166e-01
1.086596715231788191e-01
1.076279309602649059e-01
1.092671495033112478e-01
1.074758690397351057e-01
1.085159903973510059e-01
1.067441177152317899e-01
1.078585705298013286e-01
1.071645632450331093e-01
1.071658440397351003e-01
1.084371634105960464e-01
1.075276173841059613e-01
1.072856394039735095e-01
1.084456821192052861e-01
